0,0.5,0,0,0,False,[]
1,1.0,1,0,1,True,[]
2,1.5,2.5,0,1,True,[]
3,2.0,2.0,0,1,True,[]
4,4.5,1.1666666666666667,1,2,False,"[2, 2]"
5,3.0,1.8333333333333335,0,1,True,[]
6,6.0,0.8999999999999999,1,2,False,"[2, 3]"
7,4.0,1.7000000000000002,0,1,True,[]
8,5.0,1.0714285714285714,1,2,False,"[2, 2, 2]"
9,8.0,1.0714285714285714,2,3,False,"[3, 3]"
10,9.0,1.0714285714285714,1,2,False,"[2, 5]"
11,6.0,1.3571428571428572,0,1,True,[]
12,6.666666666666667,0.6818181818181819,1,2,False,"[2, 2, 3]"
13,7.0,1.0454545454545454,0,1,True,[]
14,12.0,0.8076923076923077,1,2,False,"[2, 7]"
15,12.0,0.8076923076923077,2,3,False,"[3, 5]"
16,6.25,0.8076923076923077,1,2,False,"[2, 2, 2, 2]"
17,9.0,0.9615384615384615,0,1,True,[]
18,9.0,0.6176470588235294,1,2,False,"[2, 3, 3]"
19,10.0,0.8529411764705883,0,1,True,[]
20,10.0,0.7105263157894737,1,2,False,"[2, 2, 5]"
21,16.0,0.7105263157894737,2,3,False,"[3, 7]"
22,18.0,0.7105263157894737,1,2,False,"[2, 11]"
23,12.0,1.0263157894736843,0,1,True,[]
24,8.5,0.7608695652173914,1,2,False,"[2, 2, 2, 3]"
25,18.0,0.7608695652173914,2,5,False,"[5, 5]"
26,21.0,0.7608695652173914,3,2,False,"[2, 13]"
27,12.333333333333334,0.7608695652173914,2,3,False,"[3, 3, 3]"
28,13.333333333333334,0.7608695652173914,1,2,False,"[2, 2, 7]"
29,15.0,0.8478260869565217,0,1,True,[]
30,13.666666666666666,0.5689655172413792,1,2,False,"[2, 3, 5]"
31,16.0,0.7758620689655173,0,1,True,[]
32,8.6,0.6935483870967742,1,2,False,"[2, 2, 2, 2, 2]"
33,24.0,0.6935483870967742,2,3,False,"[3, 11]"
34,27.0,0.6935483870967742,3,2,False,"[2, 17]"
35,24.0,0.6935483870967742,2,5,False,"[5, 7]"
36,11.75,0.6935483870967742,1,2,False,"[2, 2, 3, 3]"
37,19.0,0.8225806451612903,0,1,True,[]
38,30.0,0.6081081081081081,1,2,False,"[2, 19]"
39,28.0,0.6081081081081081,2,3,False,"[3, 13]"
40,13.0,0.6081081081081081,1,2,False,"[2, 2, 2, 5]"
41,21.0,0.6621621621621621,0,1,True,[]
42,18.333333333333332,0.5487804878048781,1,2,False,"[2, 3, 7]"
43,22.0,0.646341463414634,0,1,True,[]
44,20.0,0.5930232558139534,1,2,False,"[2, 2, 11]"
45,19.0,0.5930232558139534,2,3,False,"[3, 3, 5]"
46,36.0,0.5930232558139534,1,2,False,"[2, 23]"
47,24.0,0.7325581395348837,0,1,True,[]
48,12.0,0.6276595744680851,1,2,False,"[2, 2, 2, 2, 3]"
49,32.0,0.6276595744680851,2,7,False,"[7, 7]"
50,21.0,0.6276595744680851,3,2,False,"[2, 5, 5]"
51,36.0,0.6276595744680851,2,3,False,"[3, 17]"
52,23.333333333333332,0.6276595744680851,1,2,False,"[2, 2, 13]"
53,27.0,0.7553191489361701,0,1,True,[]
54,16.5,0.6132075471698113,1,2,False,"[2, 3, 3, 3]"
55,36.0,0.6132075471698113,2,5,False,"[5, 11]"
56,17.5,0.6132075471698113,3,2,False,"[2, 2, 2, 7]"
57,40.0,0.6132075471698113,2,3,False,"[3, 19]"
58,45.0,0.6132075471698113,1,2,False,"[2, 29]"
59,30.0,0.6509433962264151,0,1,True,[]
60,18.25,0.5338983050847457,1,2,False,"[2, 2, 3, 5]"
61,31.0,0.6355932203389831,0,1,True,[]
62,48.0,0.598360655737705,1,2,False,"[2, 31]"
63,25.666666666666668,0.598360655737705,2,3,False,"[3, 3, 7]"
64,12.833333333333334,0.598360655737705,3,2,False,"[2, 2, 2, 2, 2, 2]"
65,42.0,0.598360655737705,2,5,False,"[5, 13]"
66,27.666666666666668,0.598360655737705,1,2,False,"[2, 3, 11]"
67,34.0,0.6639344262295082,0,1,True,[]
68,30.0,0.5597014925373134,1,2,False,"[2, 2, 17]"
69,48.0,0.5597014925373134,2,3,False,"[3, 23]"
70,28.333333333333332,0.5597014925373134,1,2,False,"[2, 5, 7]"
71,36.0,0.5895522388059702,0,1,True,[]
72,17.0,0.528169014084507,1,2,False,"[2, 2, 2, 3, 3]"
73,37.0,0.6126760563380282,0,1,True,[]
74,57.0,0.5821917808219179,1,2,False,"[2, 37]"
75,29.666666666666668,0.5821917808219179,2,3,False,"[3, 5, 5]"
76,33.333333333333336,0.5821917808219179,3,2,False,"[2, 2, 19]"
77,48.0,0.5821917808219179,2,7,False,"[7, 11]"
78,32.333333333333336,0.5821917808219179,1,2,False,"[2, 3, 13]"
79,40.0,0.6369863013698631,0,1,True,[]
80,18.8,0.5506329113924051,1,2,False,"[2, 2, 2, 2, 5]"
81,23.5,0.5506329113924051,2,3,False,"[3, 3, 3, 3]"
82,63.0,0.5506329113924051,1,2,False,"[2, 41]"
83,42.0,0.6265822784810127,0,1,True,[]
84,24.75,0.572289156626506,1,2,False,"[2, 2, 3, 7]"
85,54.0,0.572289156626506,2,5,False,"[5, 17]"
86,66.0,0.572289156626506,3,2,False,"[2, 43]"
87,60.0,0.572289156626506,2,3,False,"[3, 29]"
88,26.5,0.572289156626506,1,2,False,"[2, 2, 2, 11]"
89,45.0,0.6686746987951808,0,1,True,[]
90,26.0,0.5898876404494382,1,2,False,"[2, 3, 3, 5]"
91,56.0,0.5898876404494382,2,7,False,"[7, 13]"
92,40.0,0.5898876404494382,3,2,False,"[2, 2, 23]"
93,64.0,0.5898876404494382,4,3,False,"[3, 31]"
94,72.0,0.5898876404494382,3,2,False,"[2, 47]"
95,60.0,0.5898876404494382,2,5,False,"[5, 19]"
96,18.333333333333332,0.5898876404494382,1,2,False,"[2, 2, 2, 2, 2, 3]"
97,49.0,0.6348314606741574,0,1,True,[]
98,38.333333333333336,0.5412371134020619,1,2,False,"[2, 7, 7]"
99,39.0,0.5412371134020619,2,3,False,"[3, 3, 11]"
100,28.75,0.5412371134020619,1,2,False,"[2, 2, 5, 5]"
101,51.0,0.5618556701030928,0,1,True,[]
102,41.666666666666664,0.5198019801980198,1,2,False,"[2, 3, 17]"
103,52.0,0.5594059405940595,0,1,True,[]
104,31.0,0.5388349514563107,1,2,False,"[2, 2, 2, 13]"
105,40.333333333333336,0.5388349514563107,2,3,False,"[3, 5, 7]"
106,81.0,0.5388349514563107,1,2,False,"[2, 53]"
107,54.0,0.558252427184466,0,1,True,[]
108,24.4,0.5186915887850467,1,2,False,"[2, 2, 3, 3, 3]"
109,55.0,0.5560747663551402,0,1,True,[]
110,43.0,0.536697247706422,1,2,False,"[2, 5, 11]"
111,76.0,0.536697247706422,2,3,False,"[3, 37]"
112,25.6,0.536697247706422,1,2,False,"[2, 2, 2, 2, 7]"
113,57.0,0.665137614678899,0,1,True,[]
114,46.333333333333336,0.6238938053097345,1,2,False,"[2, 3, 19]"
115,72.0,0.6238938053097345,2,5,False,"[5, 23]"
116,50.0,0.6238938053097345,3,2,False,"[2, 2, 29]"
117,45.666666666666664,0.6238938053097345,4,3,False,"[3, 3, 13]"
118,90.0,0.6238938053097345,5,2,False,"[2, 59]"
119,72.0,0.6238938053097345,6,7,False,"[7, 17]"
120,27.0,0.6238938053097345,7,2,False,"[2, 2, 2, 3, 5]"
121,72.0,0.6238938053097345,6,11,False,"[11, 11]"
122,93.0,0.6238938053097345,5,2,False,"[2, 61]"
123,84.0,0.6238938053097345,4,3,False,"[3, 41]"
124,53.333333333333336,0.6238938053097345,3,2,False,"[2, 2, 31]"
125,47.0,0.6238938053097345,2,5,False,"[5, 5, 5]"
126,35.5,0.6238938053097345,1,2,False,"[2, 3, 3, 7]"
127,64.0,0.6592920353982301,0,1,True,[]
128,20.428571428571427,0.5314960629921259,1,2,False,"[2, 2, 2, 2, 2, 2, 2]"
129,88.0,0.5314960629921259,2,3,False,"[3, 43]"
130,50.333333333333336,0.5314960629921259,1,2,False,"[2, 5, 13]"
131,66.0,0.578740157480315,0,1,True,[]
132,37.75,0.5458015267175573,1,2,False,"[2, 2, 3, 11]"
133,80.0,0.5458015267175573,2,7,False,"[7, 19]"
134,102.0,0.5458015267175573,3,2,False,"[2, 67]"
135,37.5,0.5458015267175573,2,3,False,"[3, 3, 3, 5]"
136,40.0,0.5458015267175573,1,2,False,"[2, 2, 2, 17]"
137,69.0,0.5610687022900764,0,1,True,[]
138,55.666666666666664,0.5145985401459854,1,2,False,"[2, 3, 23]"
139,70.0,0.5875912408759123,0,1,True,[]
140,39.25,0.5719424460431655,1,2,False,"[2, 2, 5, 7]"
141,96.0,0.5719424460431655,2,3,False,"[3, 47]"
142,108.0,0.5719424460431655,3,2,False,"[2, 71]"
143,84.0,0.5719424460431655,4,11,False,"[11, 13]"
144,26.5,0.5719424460431655,5,2,False,"[2, 2, 2, 2, 3, 3]"
145,90.0,0.5719424460431655,4,5,False,"[5, 29]"
146,111.0,0.5719424460431655,3,2,False,"[2, 73]"
147,55.0,0.5719424460431655,2,3,False,"[3, 7, 7]"
148,63.333333333333336,0.5719424460431655,1,2,False,"[2, 2, 37]"
149,75.0,0.5863309352517985,0,1,True,[]
150,41.5,0.5134228187919463,1,2,False,"[2, 3, 5, 5]"
151,76.0,0.5536912751677852,0,1,True,[]
152,44.5,0.5397350993377483,1,2,False,"[2, 2, 2, 19]"
153,59.0,0.5397350993377483,2,3,False,"[3, 3, 17]"
154,58.333333333333336,0.5397350993377483,3,2,False,"[2, 7, 11]"
155,96.0,0.5397350993377483,2,5,False,"[5, 31]"
156,44.25,0.5397350993377483,1,2,False,"[2, 2, 3, 13]"
157,79.0,0.5794701986754967,0,1,True,[]
158,120.0,0.5382165605095541,1,2,False,"[2, 79]"
159,108.0,0.5382165605095541,2,3,False,"[3, 53]"
160,29.333333333333332,0.5382165605095541,3,2,False,"[2, 2, 2, 2, 2, 5]"
161,96.0,0.5382165605095541,2,7,False,"[7, 23]"
162,35.4,0.5382165605095541,1,2,False,"[2, 3, 3, 3, 3]"
163,82.0,0.5636942675159236,0,1,True,[]
164,70.0,0.5245398773006136,1,2,False,"[2, 2, 41]"
165,61.666666666666664,0.5245398773006136,2,3,False,"[3, 5, 11]"
166,126.0,0.5245398773006136,1,2,False,"[2, 83]"
167,84.0,0.5613496932515338,0,1,True,[]
168,37.0,0.5359281437125749,1,2,False,"[2, 2, 2, 3, 7]"
169,98.0,0.5359281437125749,2,13,False,"[13, 13]"
170,65.0,0.5359281437125749,3,2,False,"[2, 5, 17]"
171,65.66666666666667,0.5359281437125749,2,3,False,"[3, 3, 19]"
172,73.33333333333333,0.5359281437125749,1,2,False,"[2, 2, 43]"
173,87.0,0.5718562874251496,0,1,True,[]
174,69.66666666666667,0.5346820809248556,1,2,False,"[2, 3, 29]"
175,64.33333333333333,0.5346820809248556,2,5,False,"[5, 5, 7]"
176,39.2,0.5346820809248556,3,2,False,"[2, 2, 2, 2, 11]"
177,120.0,0.5346820809248556,2,3,False,"[3, 59]"
178,135.0,0.5346820809248556,1,2,False,"[2, 89]"
179,90.0,0.546242774566474,0,1,True,[]
180,39.2,0.511173184357542,1,2,False,"[2, 2, 3, 3, 5]"
181,91.0,0.5670391061452513,0,1,True,[]
182,68.33333333333333,0.5552486187845305,1,2,False,"[2, 7, 13]"
183,124.0,0.5552486187845305,2,3,False,"[3, 61]"
184,53.5,0.5552486187845305,3,2,False,"[2, 2, 2, 23]"
185,114.0,0.5552486187845305,4,5,False,"[5, 37]"
186,74.33333333333333,0.5552486187845305,5,2,False,"[2, 3, 31]"
187,108.0,0.5552486187845305,4,11,False,"[11, 17]"
188,80.0,0.5552486187845305,3,2,False,"[2, 2, 47]"
189,51.5,0.5552486187845305,2,3,False,"[3, 3, 3, 7]"
190,72.33333333333333,0.5552486187845305,1,2,False,"[2, 5, 19]"
191,96.0,0.5662983425414365,0,1,True,[]
192,29.714285714285715,0.5104712041884816,1,2,False,"[2, 2, 2, 2, 2, 2, 3]"
193,97.0,0.531413612565445,0,1,True,[]
194,147.0,0.5207253886010363,1,2,False,"[2, 97]"
195,72.33333333333333,0.5207253886010363,2,3,False,"[3, 5, 13]"
196,53.75,0.5207253886010363,1,2,False,"[2, 2, 7, 7]"
197,99.0,0.5310880829015545,0,1,True,[]
198,54.5,0.5101522842639594,1,2,False,"[2, 3, 3, 11]"
199,100.0,0.5710659898477157,0,1,True,[]
200,43.4,0.5603015075376885,1,2,False,"[2, 2, 2, 5, 5]"
201,136.0,0.5603015075376885,2,3,False,"[3, 67]"
202,153.0,0.5603015075376885,3,2,False,"[2, 101]"
203,120.0,0.5603015075376885,4,7,False,"[7, 29]"
204,57.25,0.5603015075376885,5,2,False,"[2, 2, 3, 17]"
205,126.0,0.5603015075376885,6,5,False,"[5, 41]"
206,156.0,0.5603015075376885,5,2,False,"[2, 103]"
207,79.0,0.5603015075376885,4,3,False,"[3, 3, 23]"
208,46.0,0.5603015075376885,3,2,False,"[2, 2, 2, 2, 13]"
209,120.0,0.5603015075376885,2,11,False,"[11, 19]"
210,57.0,0.5603015075376885,1,2,False,"[2, 3, 5, 7]"
211,106.0,0.620603015075377,0,1,True,[]
212,90.0,0.5568720379146919,1,2,False,"[2, 2, 53]"
213,144.0,0.5568720379146919,2,3,False,"[3, 71]"
214,162.0,0.5568720379146919,3,2,False,"[2, 107]"
215,132.0,0.5568720379146919,4,5,False,"[5, 43]"
216,38.666666666666664,0.5568720379146919,5,2,False,"[2, 2, 2, 3, 3, 3]"
217,128.0,0.5568720379146919,6,7,False,"[7, 31]"
218,165.0,0.5568720379146919,5,2,False,"[2, 109]"
219,148.0,0.5568720379146919,4,3,False,"[3, 73]"
220,60.25,0.5568720379146919,3,2,False,"[2, 2, 5, 11]"
221,126.0,0.5568720379146919,2,13,False,"[13, 17]"
222,88.33333333333333,0.5568720379146919,1,2,False,"[2, 3, 37]"
223,112.0,0.5758293838862558,0,1,True,[]
224,40.333333333333336,0.5179372197309418,1,2,False,"[2, 2, 2, 2, 2, 7]"
225,60.5,0.5179372197309418,2,3,False,"[3, 3, 5, 5]"
226,171.0,0.5179372197309418,1,2,False,"[2, 113]"
227,114.0,0.5269058295964126,0,1,True,[]
228,63.75,0.5088105726872247,1,2,False,"[2, 2, 3, 19]"
229,115.0,0.526431718061674,0,1,True,[]
230,87.0,0.517467248908297,1,2,False,"[2, 5, 23]"
231,84.33333333333333,0.517467248908297,2,3,False,"[3, 7, 11]"
232,67.0,0.517467248908297,1,2,False,"[2, 2, 2, 29]"
233,117.0,0.5436681222707425,0,1,True,[]
234,64.0,0.5257510729613735,1,2,False,"[2, 3, 3, 13]"
235,144.0,0.5257510729613735,2,5,False,"[5, 47]"
236,100.0,0.5257510729613735,3,2,False,"[2, 2, 59]"
237,160.0,0.5257510729613735,2,3,False,"[3, 79]"
238,88.33333333333333,0.5257510729613735,1,2,False,"[2, 7, 17]"
239,120.0,0.5343347639484979,0,1,True,[]
240,42.833333333333336,0.50836820083682,1,2,False,"[2, 2, 2, 2, 3, 5]"
241,121.0,0.5502092050209204,0,1,True,[]
242,89.0,0.54149377593361,1,2,False,"[2, 11, 11]"
243,51.8,0.54149377593361,2,3,False,"[3, 3, 3, 3, 3]"
244,103.33333333333333,0.54149377593361,3,2,False,"[2, 2, 61]"
245,88.33333333333333,0.54149377593361,4,5,False,"[5, 7, 7]"
246,97.66666666666667,0.54149377593361,5,2,False,"[2, 3, 41]"
247,140.0,0.54149377593361,4,13,False,"[13, 19]"
248,71.5,0.54149377593361,3,2,False,"[2, 2, 2, 31]"
249,168.0,0.54149377593361,2,3,False,"[3, 83]"
250,67.0,0.54149377593361,1,2,False,"[2, 5, 5, 5]"
251,126.0,0.5663900414937759,0,1,True,[]
252,54.0,0.5239043824701195,1,2,False,"[2, 2, 3, 3, 7]"
253,144.0,0.5239043824701195,2,11,False,"[11, 23]"
254,192.0,0.5239043824701195,3,2,False,"[2, 127]"
255,93.66666666666667,0.5239043824701195,2,3,False,"[3, 5, 17]"
256,34.125,0.5239043824701195,1,2,False,"[2, 2, 2, 2, 2, 2, 2, 2]"
257,129.0,0.547808764940239,0,1,True,[]
258,102.33333333333333,0.5233463035019454,1,2,False,"[2, 3, 43]"
259,152.0,0.5233463035019454,2,7,False,"[7, 37]"
260,70.75,0.5233463035019454,3,2,False,"[2, 2, 5, 13]"
261,99.0,0.5233463035019454,2,3,False,"[3, 3, 29]"
262,198.0,0.5233463035019454,1,2,False,"[2, 131]"
263,132.0,0.5466926070038911,0,1,True,[]
264,57.0,0.5228136882129277,1,2,False,"[2, 2, 2, 3, 11]"
265,162.0,0.5228136882129277,2,5,False,"[5, 53]"
266,98.33333333333333,0.5228136882129277,3,2,False,"[2, 7, 19]"
267,180.0,0.5228136882129277,2,3,False,"[3, 89]"
268,113.33333333333333,0.5228136882129277,1,2,False,"[2, 2, 67]"
269,135.0,0.5304182509505704,0,1,True,[]
270,57.4,0.5074349442379182,1,2,False,"[2, 3, 3, 3, 5]"
271,136.0,0.529739776951673,0,1,True,[]
272,59.6,0.5221402214022139,1,2,False,"[2, 2, 2, 2, 17]"
273,99.0,0.5221402214022139,2,3,False,"[3, 7, 13]"
274,207.0,0.5221402214022139,3,2,False,"[2, 137]"
275,99.0,0.5221402214022139,2,5,False,"[5, 5, 11]"
276,76.75,0.5221402214022139,1,2,False,"[2, 2, 3, 23]"
277,139.0,0.53690036900369,0,1,True,[]
278,210.0,0.5144404332129964,1,2,False,"[2, 139]"
279,105.66666666666667,0.5144404332129964,2,3,False,"[3, 3, 31]"
280,59.8,0.5144404332129964,1,2,False,"[2, 2, 2, 5, 7]"
281,141.0,0.5216606498194947,0,1,True,[]
282,111.66666666666667,0.5071174377224199,1,2,False,"[2, 3, 47]"
283,142.0,0.5427046263345197,0,1,True,[]
284,120.0,0.5353356890459364,1,2,False,"[2, 2, 71]"
285,104.33333333333333,0.5353356890459364,2,3,False,"[3, 5, 19]"
286,104.33333333333333,0.5353356890459364,3,2,False,"[2, 11, 13]"
287,168.0,0.5353356890459364,4,7,False,"[7, 41]"
288,43.57142857142857,0.5353356890459364,5,2,False,"[2, 2, 2, 2, 2, 3, 3]"
289,162.0,0.5353356890459364,4,17,False,"[17, 17]"
290,109.0,0.5353356890459364,3,2,False,"[2, 5, 29]"
291,196.0,0.5353356890459364,2,3,False,"[3, 97]"
292,123.33333333333333,0.5353356890459364,1,2,False,"[2, 2, 73]"
293,147.0,0.5848056537102473,0,1,True,[]
294,78.5,0.5477815699658704,1,2,False,"[2, 3, 7, 7]"
295,180.0,0.5477815699658704,2,5,False,"[5, 59]"
296,85.0,0.5477815699658704,3,2,False,"[2, 2, 2, 37]"
297,79.5,0.5477815699658704,4,3,False,"[3, 3, 3, 11]"
298,225.0,0.5477815699658704,5,2,False,"[2, 149]"
299,168.0,0.5477815699658704,6,13,False,"[13, 23]"
300,63.6,0.5477815699658704,7,2,False,"[2, 2, 3, 5, 5]"
301,176.0,0.5477815699658704,6,7,False,"[7, 43]"
302,228.0,0.5477815699658704,5,2,False,"[2, 151]"
303,204.0,0.5477815699658704,4,3,False,"[3, 101]"
304,66.4,0.5477815699658704,3,2,False,"[2, 2, 2, 2, 19]"
305,186.0,0.5477815699658704,2,5,False,"[5, 61]"
306,83.0,0.5477815699658704,1,2,False,"[2, 3, 3, 17]"
307,154.0,0.5614334470989761,0,1,True,[]
308,82.75,0.5130293159609121,1,2,False,"[2, 2, 7, 11]"
309,208.0,0.5130293159609121,2,3,False,"[3, 103]"
310,116.33333333333333,0.5130293159609121,1,2,False,"[2, 5, 31]"
311,156.0,0.5195439739413681,0,1,True,[]
312,67.0,0.5064308681672025,1,2,False,"[2, 2, 2, 3, 13]"
313,157.0,0.5192926045016077,0,1,True,[]
314,237.0,0.5127795527156549,1,2,False,"[2, 157]"
315,83.5,0.5127795527156549,2,3,False,"[3, 3, 5, 7]"
316,133.33333333333334,0.5127795527156549,1,2,False,"[2, 2, 79]"
317,159.0,0.5575079872204474,0,1,True,[]
318,125.66666666666667,0.5441640378548895,1,2,False,"[2, 3, 53]"
319,180.0,0.5441640378548895,2,11,False,"[11, 29]"
320,48.285714285714285,0.5441640378548895,3,2,False,"[2, 2, 2, 2, 2, 2, 5]"
321,216.0,0.5441640378548895,4,3,False,"[3, 107]"
322,118.33333333333333,0.5441640378548895,5,2,False,"[2, 7, 23]"
323,180.0,0.5441640378548895,6,17,False,"[17, 19]"
324,56.833333333333336,0.5441640378548895,7,2,False,"[2, 2, 3, 3, 3, 3]"
325,116.33333333333333,0.5441640378548895,6,5,False,"[5, 5, 13]"
326,246.0,0.5441640378548895,5,2,False,"[2, 163]"
327,220.0,0.5441640378548895,4,3,False,"[3, 109]"
328,94.0,0.5441640378548895,3,2,False,"[2, 2, 2, 41]"
329,192.0,0.5441640378548895,2,7,False,"[7, 47]"
330,88.0,0.5441640378548895,1,2,False,"[2, 3, 5, 11]"
331,166.0,0.5630914826498423,0,1,True,[]
332,140.0,0.5181268882175227,1,2,False,"[2, 2, 83]"
333,125.66666666666667,0.5181268882175227,2,3,False,"[3, 3, 37]"
334,252.0,0.5181268882175227,3,2,False,"[2, 167]"
335,204.0,0.5181268882175227,2,5,False,"[5, 67]"
336,59.166666666666664,0.5181268882175227,1,2,False,"[2, 2, 2, 2, 3, 7]"
337,169.0,0.5483383685800605,0,1,True,[]
338,122.33333333333333,0.529673590504451,1,2,False,"[2, 13, 13]"
339,228.0,0.529673590504451,2,3,False,"[3, 113]"
340,91.75,0.529673590504451,3,2,False,"[2, 2, 5, 17]"
341,192.0,0.529673590504451,4,11,False,"[11, 31]"
342,92.5,0.529673590504451,5,2,False,"[2, 3, 3, 19]"
343,121.66666666666667,0.529673590504451,4,7,False,"[7, 7, 7]"
344,98.5,0.529673590504451,3,2,False,"[2, 2, 2, 43]"
345,125.66666666666667,0.529673590504451,2,3,False,"[3, 5, 23]"
346,261.0,0.529673590504451,1,2,False,"[2, 173]"
347,174.0,0.5356083086053411,0,1,True,[]
348,96.25,0.505763688760807,1,2,False,"[2, 2, 3, 29]"
349,175.0,0.5172910662824208,0,1,True,[]
350,92.5,0.5114613180515759,1,2,False,"[2, 5, 5, 7]"
351,93.5,0.5114613180515759,2,3,False,"[3, 3, 3, 13]"
352,62.333333333333336,0.5114613180515759,1,2,False,"[2, 2, 2, 2, 2, 11]"
353,177.0,0.5286532951289398,0,1,True,[]
354,139.66666666666666,0.5169971671388103,1,2,False,"[2, 3, 59]"
355,216.0,0.5169971671388103,2,5,False,"[5, 71]"
356,150.0,0.5169971671388103,3,2,False,"[2, 2, 89]"
357,128.33333333333334,0.5169971671388103,2,3,False,"[3, 7, 17]"
358,270.0,0.5169971671388103,1,2,False,"[2, 179]"
359,180.0,0.5396600566572238,0,1,True,[]
360,63.0,0.5222841225626742,1,2,False,"[2, 2, 2, 3, 3, 5]"
361,200.0,0.5222841225626742,2,19,False,"[19, 19]"
362,273.0,0.5222841225626742,3,2,False,"[2, 181]"
363,129.66666666666666,0.5222841225626742,4,3,False,"[3, 11, 11]"
364,97.25,0.5222841225626742,3,2,False,"[2, 2, 7, 13]"
365,222.0,0.5222841225626742,2,5,False,"[5, 73]"
366,144.33333333333334,0.5222841225626742,1,2,False,"[2, 3, 61]"
367,184.0,0.5389972144846797,0,1,True,[]
368,80.0,0.5163487738419619,1,2,False,"[2, 2, 2, 2, 23]"
369,139.0,0.5163487738419619,2,3,False,"[3, 3, 41]"
370,138.33333333333334,0.5163487738419619,3,2,False,"[2, 5, 37]"
371,216.0,0.5163487738419619,2,7,False,"[7, 53]"
372,102.75,0.5163487738419619,1,2,False,"[2, 2, 3, 31]"
373,187.0,0.5326975476839237,0,1,True,[]
374,135.0,0.5160857908847185,1,2,False,"[2, 11, 17]"
375,98.5,0.5160857908847185,2,3,False,"[3, 5, 5, 5]"
376,107.5,0.5160857908847185,3,2,False,"[2, 2, 2, 47]"
377,210.0,0.5160857908847185,2,13,False,"[13, 29]"
378,79.4,0.5160857908847185,1,2,False,"[2, 3, 3, 3, 7]"
379,190.0,0.5268096514745308,0,1,True,[]
380,102.25,0.5105540897097625,1,2,False,"[2, 2, 5, 19]"
381,256.0,0.5105540897097625,2,3,False,"[3, 127]"
382,288.0,0.5105540897097625,1,2,False,"[2, 191]"
383,192.0,0.5263852242744063,0,1,True,[]
384,50.25,0.5156657963446476,1,2,False,"[2, 2, 2, 2, 2, 2, 2, 3]"
385,136.33333333333334,0.5156657963446476,2,5,False,"[5, 7, 11]"
386,291.0,0.5156657963446476,3,2,False,"[2, 193]"
387,145.66666666666666,0.5156657963446476,2,3,False,"[3, 3, 43]"
388,163.33333333333334,0.5156657963446476,1,2,False,"[2, 2, 97]"
389,195.0,0.5365535248041775,0,1,True,[]
390,103.5,0.5205655526992288,1,2,False,"[2, 3, 5, 13]"
391,216.0,0.5205655526992288,2,17,False,"[17, 23]"
392,82.6,0.5205655526992288,3,2,False,"[2, 2, 2, 7, 7]"
393,264.0,0.5205655526992288,4,3,False,"[3, 131]"
394,297.0,0.5205655526992288,3,2,False,"[2, 197]"
395,240.0,0.5205655526992288,2,5,False,"[5, 79]"
396,83.6,0.5205655526992288,1,2,False,"[2, 2, 3, 3, 11]"
397,199.0,0.5308483290488433,0,1,True,[]
398,300.0,0.5100755667506298,1,2,False,"[2, 199]"
399,143.0,0.5100755667506298,2,3,False,"[3, 7, 19]"
400,69.83333333333333,0.5100755667506298,1,2,False,"[2, 2, 2, 2, 5, 5]"
401,201.0,0.5302267002518892,0,1,True,[]
402,158.33333333333334,0.5199501246882794,1,2,False,"[2, 3, 67]"
403,224.0,0.5199501246882794,2,13,False,"[13, 31]"
404,170.0,0.5199501246882794,3,2,False,"[2, 2, 101]"
405,84.6,0.5199501246882794,4,3,False,"[3, 3, 3, 3, 5]"
406,148.33333333333334,0.5199501246882794,3,2,False,"[2, 7, 29]"
407,228.0,0.5199501246882794,2,11,False,"[11, 37]"
408,87.0,0.5199501246882794,1,2,False,"[2, 2, 2, 3, 17]"
409,205.0,0.5448877805486285,0,1,True,[]
410,153.0,0.5244498777506112,1,2,False,"[2, 5, 41]"
411,276.0,0.5244498777506112,2,3,False,"[3, 137]"
412,173.33333333333334,0.5244498777506112,3,2,False,"[2, 2, 103]"
413,240.0,0.5244498777506112,4,7,False,"[7, 59]"
414,111.5,0.5244498777506112,5,2,False,"[2, 3, 3, 23]"
415,252.0,0.5244498777506112,4,5,False,"[5, 83]"
416,73.33333333333333,0.5244498777506112,3,2,False,"[2, 2, 2, 2, 2, 13]"
417,280.0,0.5244498777506112,2,3,False,"[3, 139]"
418,150.33333333333334,0.5244498777506112,1,2,False,"[2, 11, 19]"
419,210.0,0.5293398533007334,0,1,True,[]
420,88.0,0.5047732696897376,1,2,False,"[2, 2, 3, 5, 7]"
421,211.0,0.5286396181384247,0,1,True,[]
422,318.0,0.5237529691211402,1,2,False,"[2, 211]"
423,159.0,0.5237529691211402,2,3,False,"[3, 3, 47]"
424,121.0,0.5237529691211402,3,2,False,"[2, 2, 2, 53]"
425,151.0,0.5237529691211402,4,5,False,"[5, 5, 17]"
426,167.66666666666666,0.5237529691211402,5,2,False,"[2, 3, 71]"
427,248.0,0.5237529691211402,4,7,False,"[7, 61]"
428,180.0,0.5237529691211402,3,2,False,"[2, 2, 107]"
429,152.33333333333334,0.5237529691211402,2,3,False,"[3, 11, 13]"
430,160.33333333333334,0.5237529691211402,1,2,False,"[2, 5, 43]"
431,216.0,0.5285035629453683,0,1,True,[]
432,64.28571428571429,0.5046403712296983,1,2,False,"[2, 2, 2, 2, 3, 3, 3]"
433,217.0,0.5185614849187936,0,1,True,[]
434,158.33333333333334,0.5138568129330254,1,2,False,"[2, 7, 31]"
435,157.66666666666666,0.5138568129330254,2,3,False,"[3, 5, 29]"
436,183.33333333333334,0.5138568129330254,3,2,False,"[2, 2, 109]"
437,240.0,0.5138568129330254,2,19,False,"[19, 23]"
438,172.33333333333334,0.5138568129330254,1,2,False,"[2, 3, 73]"
439,220.0,0.5230946882217089,0,1,True,[]
440,92.6,0.5091116173120729,1,2,False,"[2, 2, 2, 5, 11]"
441,115.5,0.5091116173120729,2,3,False,"[3, 3, 7, 7]"
442,158.33333333333334,0.5091116173120729,1,2,False,"[2, 13, 17]"
443,222.0,0.5227790432801822,0,1,True,[]
444,122.25,0.5135440180586908,1,2,False,"[2, 2, 3, 37]"
445,270.0,0.5135440180586908,2,5,False,"[5, 89]"
446,336.0,0.5135440180586908,3,2,False,"[2, 223]"
447,300.0,0.5135440180586908,2,3,False,"[3, 149]"
448,66.85714285714286,0.5135440180586908,1,2,False,"[2, 2, 2, 2, 2, 2, 7]"
449,225.0,0.5316027088036117,0,1,True,[]
450,93.8,0.5178173719376391,1,2,False,"[2, 3, 3, 5, 5]"
451,252.0,0.5178173719376391,2,11,False,"[11, 41]"
452,190.0,0.5178173719376391,3,2,False,"[2, 2, 113]"
453,304.0,0.5178173719376391,4,3,False,"[3, 151]"
454,342.0,0.5178173719376391,3,2,False,"[2, 227]"
455,160.33333333333334,0.5178173719376391,2,5,False,"[5, 7, 13]"
456,97.0,0.5178173719376391,1,2,False,"[2, 2, 2, 3, 19]"
457,229.0,0.5267260579064588,0,1,True,[]
458,345.0,0.5087527352297594,1,2,False,"[2, 229]"
459,121.5,0.5087527352297594,2,3,False,"[3, 3, 3, 17]"
460,123.25,0.5087527352297594,1,2,False,"[2, 2, 5, 23]"
461,231.0,0.513129102844639,0,1,True,[]
462,121.5,0.5043383947939262,1,2,False,"[2, 3, 7, 11]"
463,232.0,0.5130151843817787,0,1,True,[]
464,100.4,0.5086393088552916,1,2,False,"[2, 2, 2, 2, 29]"
465,168.33333333333334,0.5086393088552916,2,3,False,"[3, 5, 31]"
466,351.0,0.5086393088552916,1,2,False,"[2, 233]"
467,234.0,0.5345572354211663,0,1,True,[]
468,98.4,0.525695931477516,1,2,False,"[2, 2, 3, 3, 13]"
469,272.0,0.525695931477516,2,7,False,"[7, 67]"
470,175.0,0.525695931477516,3,2,False,"[2, 5, 47]"
471,316.0,0.525695931477516,4,3,False,"[3, 157]"
472,134.5,0.525695931477516,5,2,False,"[2, 2, 2, 59]"
473,264.0,0.525695931477516,6,11,False,"[11, 43]"
474,186.33333333333334,0.525695931477516,5,2,False,"[2, 3, 79]"
475,168.33333333333334,0.525695931477516,4,5,False,"[5, 5, 19]"
476,126.25,0.525695931477516,3,2,False,"[2, 2, 7, 17]"
477,179.0,0.525695931477516,2,3,False,"[3, 3, 53]"
478,360.0,0.525695931477516,1,2,False,"[2, 239]"
479,240.0,0.5428265524625269,0,1,True,[]
480,71.28571428571429,0.5167014613778707,1,2,False,"[2, 2, 2, 2, 2, 3, 5]"
481,266.0,0.5167014613778707,2,13,False,"[13, 37]"
482,363.0,0.5167014613778707,3,2,False,"[2, 241]"
483,172.33333333333334,0.5167014613778707,4,3,False,"[3, 7, 23]"
484,127.75,0.5167014613778707,3,2,False,"[2, 2, 11, 11]"
485,294.0,0.5167014613778707,2,5,False,"[5, 97]"
486,84.0,0.5167014613778707,1,2,False,"[2, 3, 3, 3, 3, 3]"
487,244.0,0.5250521920668059,0,1,True,[]
488,139.0,0.5082135523613962,1,2,False,"[2, 2, 2, 61]"
489,328.0,0.5082135523613962,2,3,False,"[3, 163]"
490,128.0,0.5082135523613962,1,2,False,"[2, 5, 7, 7]"
491,246.0,0.5246406570841888,0,1,True,[]
492,135.25,0.5162932790224033,1,2,False,"[2, 2, 3, 41]"
493,270.0,0.5162932790224033,2,17,False,"[17, 29]"
494,176.33333333333334,0.5162932790224033,3,2,False,"[2, 13, 19]"
495,129.5,0.5162932790224033,4,3,False,"[3, 3, 5, 11]"
496,107.2,0.5162932790224033,3,2,False,"[2, 2, 2, 2, 31]"
497,288.0,0.5162932790224033,2,7,False,"[7, 71]"
498,195.66666666666666,0.5162932790224033,1,2,False,"[2, 3, 83]"
499,250.0,0.5244399185336048,0,1,True,[]
500,104.0,0.5080160320641283,1,2,False,"[2, 2, 5, 5, 5]"
501,336.0,0.5080160320641283,2,3,False,"[3, 167]"
502,378.0,0.5080160320641283,1,2,False,"[2, 251]"
503,252.0,0.5200400801603207,0,1,True,[]
504,87.33333333333333,0.5119284294234592,1,2,False,"[2, 2, 2, 3, 3, 7]"
505,306.0,0.5119284294234592,2,5,False,"[5, 101]"
506,181.0,0.5119284294234592,3,2,False,"[2, 11, 23]"
507,179.0,0.5119284294234592,2,3,False,"[3, 13, 13]"
508,213.33333333333334,0.5119284294234592,1,2,False,"[2, 2, 127]"
509,255.0,0.5357852882703777,0,1,True,[]
510,134.5,0.5235756385068762,1,2,False,"[2, 3, 5, 17]"
511,296.0,0.5235756385068762,2,7,False,"[7, 73]"
512,59.0,0.5235756385068762,3,2,False,"[2, 2, 2, 2, 2, 2, 2, 2, 2]"
513,135.5,0.5235756385068762,4,3,False,"[3, 3, 3, 19]"
514,387.0,0.5235756385068762,5,2,False,"[2, 257]"
515,312.0,0.5235756385068762,6,5,False,"[5, 103]"
516,141.75,0.5235756385068762,5,2,False,"[2, 2, 3, 43]"
517,288.0,0.5235756385068762,4,11,False,"[11, 47]"
518,188.33333333333334,0.5235756385068762,3,2,False,"[2, 7, 37]"
519,348.0,0.5235756385068762,2,3,False,"[3, 173]"
520,109.0,0.5235756385068762,1,2,False,"[2, 2, 2, 5, 13]"
521,261.0,0.5275049115913557,0,1,True,[]
522,140.0,0.5038387715930903,1,2,False,"[2, 3, 3, 29]"
523,262.0,0.5383877159309021,0,1,True,[]
524,220.0,0.534416826003824,1,2,False,"[2, 2, 131]"
525,136.5,0.534416826003824,2,3,False,"[3, 5, 5, 7]"
526,396.0,0.534416826003824,3,2,False,"[2, 263]"
527,288.0,0.534416826003824,4,17,False,"[17, 31]"
528,91.83333333333333,0.534416826003824,5,2,False,"[2, 2, 2, 2, 3, 11]"
529,288.0,0.534416826003824,6,23,False,"[23, 23]"
530,197.0,0.534416826003824,7,2,False,"[2, 5, 53]"
531,199.0,0.534416826003824,8,3,False,"[3, 3, 59]"
532,140.75,0.534416826003824,9,2,False,"[2, 2, 7, 19]"
533,294.0,0.534416826003824,8,13,False,"[13, 41]"
534,209.66666666666666,0.534416826003824,7,2,False,"[2, 3, 89]"
535,324.0,0.534416826003824,6,5,False,"[5, 107]"
536,152.5,0.534416826003824,5,2,False,"[2, 2, 2, 67]"
537,360.0,0.534416826003824,4,3,False,"[3, 179]"
538,405.0,0.534416826003824,3,2,False,"[2, 269]"
539,188.33333333333334,0.534416826003824,2,7,False,"[7, 7, 11]"
540,93.16666666666667,0.534416826003824,1,2,False,"[2, 2, 3, 3, 3, 5]"
541,271.0,0.5458891013384322,0,1,True,[]
542,408.0,0.5110905730129389,1,2,False,"[2, 271]"
543,364.0,0.5110905730129389,2,3,False,"[3, 181]"
544,95.33333333333333,0.5110905730129389,3,2,False,"[2, 2, 2, 2, 2, 17]"
545,330.0,0.5110905730129389,2,5,False,"[5, 109]"
546,143.0,0.5110905730129389,1,2,False,"[2, 3, 7, 13]"
547,274.0,0.5295748613678373,0,1,True,[]
548,230.0,0.5182815356489945,1,2,False,"[2, 2, 137]"
549,205.66666666666666,0.5182815356489945,2,3,False,"[3, 3, 61]"
550,143.5,0.5182815356489945,3,2,False,"[2, 5, 5, 11]"
551,300.0,0.5182815356489945,4,19,False,"[19, 29]"
552,117.0,0.5182815356489945,5,2,False,"[2, 2, 2, 3, 23]"
553,320.0,0.5182815356489945,4,7,False,"[7, 79]"
554,417.0,0.5182815356489945,3,2,False,"[2, 277]"
555,200.33333333333334,0.5182815356489945,2,3,False,"[3, 5, 37]"
556,233.33333333333334,0.5182815356489945,1,2,False,"[2, 2, 139]"
557,279.0,0.5292504570383911,0,1,True,[]
558,149.5,0.5107719928186714,1,2,False,"[2, 3, 3, 31]"
559,308.0,0.5107719928186714,2,13,False,"[13, 43]"
560,96.83333333333333,0.5107719928186714,3,2,False,"[2, 2, 2, 2, 5, 7]"
561,197.66666666666666,0.5107719928186714,2,3,False,"[3, 11, 17]"
562,423.0,0.5107719928186714,1,2,False,"[2, 281]"
563,282.0,0.5215439856373429,0,1,True,[]
564,154.75,0.5106571936056838,1,2,False,"[2, 2, 3, 47]"
565,342.0,0.5106571936056838,2,5,False,"[5, 113]"
566,426.0,0.5106571936056838,3,2,False,"[2, 283]"
567,117.4,0.5106571936056838,2,3,False,"[3, 3, 3, 3, 7]"
568,161.5,0.5106571936056838,1,2,False,"[2, 2, 2, 71]"
569,285.0,0.514209591474245,0,1,True,[]
570,150.0,0.5035149384885764,1,2,False,"[2, 3, 5, 19]"
571,286.0,0.5140597539543057,0,1,True,[]
572,150.25,0.5105078809106831,1,2,False,"[2, 2, 11, 13]"
573,384.0,0.5105078809106831,2,3,False,"[3, 191]"
574,208.33333333333334,0.5105078809106831,3,2,False,"[2, 7, 41]"
575,203.0,0.5105078809106831,2,5,False,"[5, 5, 23]"
576,74.375,0.5105078809106831,1,2,False,"[2, 2, 2, 2, 2, 2, 3, 3]"
577,289.0,0.5280210157618213,0,1,True,[]
578,205.0,0.5173310225303294,1,2,False,"[2, 17, 17]"
579,388.0,0.5173310225303294,2,3,False,"[3, 193]"
580,154.75,0.5173310225303294,3,2,False,"[2, 2, 5, 29]"
581,336.0,0.5173310225303294,4,7,False,"[7, 83]"
582,228.33333333333334,0.5173310225303294,5,2,False,"[2, 3, 97]"
583,324.0,0.5173310225303294,4,11,False,"[11, 53]"
584,166.0,0.5173310225303294,3,2,False,"[2, 2, 2, 73]"
585,152.5,0.5173310225303294,2,3,False,"[3, 3, 5, 13]"
586,441.0,0.5173310225303294,1,2,False,"[2, 293]"
587,294.0,0.5277296360485269,0,1,True,[]
588,122.0,0.510221465076661,1,2,False,"[2, 2, 3, 7, 7]"
589,320.0,0.510221465076661,2,19,False,"[19, 31]"
590,219.0,0.510221465076661,3,2,False,"[2, 5, 59]"
591,396.0,0.510221465076661,2,3,False,"[3, 197]"
592,127.6,0.510221465076661,1,2,False,"[2, 2, 2, 2, 37]"
593,297.0,0.520442930153322,0,1,True,[]
594,123.4,0.5101180438448567,1,2,False,"[2, 3, 3, 3, 11]"
595,208.33333333333334,0.5101180438448567,2,5,False,"[5, 7, 17]"
596,250.0,0.5101180438448567,3,2,False,"[2, 2, 149]"
597,400.0,0.5101180438448567,2,3,False,"[3, 199]"
598,212.33333333333334,0.5101180438448567,1,2,False,"[2, 13, 23]"
599,300.0,0.5134907251264755,0,1,True,[]
600,103.33333333333333,0.503338898163606,1,2,False,"[2, 2, 2, 3, 5, 5]"
601,301.0,0.513355592654424,0,1,True,[]
602,218.33333333333334,0.5099833610648918,1,2,False,"[2, 7, 43]"
603,225.66666666666666,0.5099833610648918,2,3,False,"[3, 3, 67]"
604,253.33333333333334,0.5099833610648918,3,2,False,"[2, 2, 151]"
605,211.0,0.5099833610648918,2,5,False,"[5, 11, 11]"
606,237.66666666666666,0.5099833610648918,1,2,False,"[2, 3, 101]"
607,304.0,0.5199667221297837,0,1,True,[]
608,106.33333333333333,0.5098846787479407,1,2,False,"[2, 2, 2, 2, 2, 19]"
609,216.33333333333334,0.5098846787479407,2,3,False,"[3, 7, 29]"
610,226.33333333333334,0.5098846787479407,3,2,False,"[2, 5, 61]"
611,336.0,0.5098846787479407,2,13,False,"[13, 47]"
612,128.0,0.5098846787479407,1,2,False,"[2, 2, 3, 3, 17]"
613,307.0,0.5164744645799011,0,1,True,[]
614,462.0,0.5065252854812399,1,2,False,"[2, 307]"
615,221.66666666666666,0.5065252854812399,2,3,False,"[3, 5, 41]"
616,128.2,0.5065252854812399,1,2,False,"[2, 2, 2, 7, 11]"
617,309.0,0.5097879282218598,0,1,True,[]
618,242.33333333333334,0.5032414910858996,1,2,False,"[2, 3, 103]"
619,310.0,0.5226904376012966,0,1,True,[]
620,165.25,0.5193861066235865,1,2,False,"[2, 2, 5, 31]"
621,163.5,0.5193861066235865,2,3,False,"[3, 3, 3, 23]"
622,468.0,0.5193861066235865,3,2,False,"[2, 311]"
623,360.0,0.5193861066235865,4,7,False,"[7, 89]"
624,108.16666666666667,0.5193861066235865,5,2,False,"[2, 2, 2, 2, 3, 13]"
625,161.5,0.5193861066235865,6,5,False,"[5, 5, 5, 5]"
626,471.0,0.5193861066235865,5,2,False,"[2, 313]"
627,220.33333333333334,0.5193861066235865,4,3,False,"[3, 11, 19]"
628,263.3333333333333,0.5193861066235865,3,2,False,"[2, 2, 157]"
629,342.0,0.5193861066235865,2,17,False,"[17, 37]"
630,130.2,0.5193861066235865,1,2,False,"[2, 3, 3, 5, 7]"
631,316.0,0.5355411954765752,0,1,True,[]
632,179.5,0.5158478605388273,1,2,False,"[2, 2, 2, 79]"
633,424.0,0.5158478605388273,2,3,False,"[3, 211]"
634,477.0,0.5158478605388273,3,2,False,"[2, 317]"
635,384.0,0.5158478605388273,4,5,False,"[5, 127]"
636,174.25,0.5158478605388273,5,2,False,"[2, 2, 3, 53]"
637,221.66666666666666,0.5158478605388273,4,7,False,"[7, 7, 13]"
638,227.0,0.5158478605388273,3,2,False,"[2, 11, 29]"
639,239.0,0.5158478605388273,2,3,False,"[3, 3, 71]"
640,82.5,0.5158478605388273,1,2,False,"[2, 2, 2, 2, 2, 2, 2, 5]"
641,321.0,0.5190174326465926,0,1,True,[]
642,251.66666666666666,0.5031201248049921,1,2,False,"[2, 3, 107]"
643,322.0,0.5093603744149766,0,1,True,[]
644,169.75,0.5062208398133747,1,2,False,"[2, 2, 7, 23]"
645,232.33333333333334,0.5062208398133747,2,3,False,"[3, 5, 43]"
646,228.33333333333334,0.5062208398133747,1,2,False,"[2, 17, 19]"
647,324.0,0.5155520995334371,0,1,True,[]
648,95.28571428571429,0.509273570324575,1,2,False,"[2, 2, 2, 3, 3, 3, 3]"
649,360.0,0.509273570324575,2,11,False,"[11, 59]"
650,169.0,0.509273570324575,3,2,False,"[2, 5, 5, 13]"
651,231.0,0.509273570324575,2,3,False,"[3, 7, 31]"
652,273.3333333333333,0.509273570324575,1,2,False,"[2, 2, 163]"
653,327.0,0.51854714064915,0,1,True,[]
654,256.3333333333333,0.5091883614088821,1,2,False,"[2, 3, 109]"
655,396.0,0.5091883614088821,2,5,False,"[5, 131]"
656,141.2,0.5091883614088821,3,2,False,"[2, 2, 2, 2, 41]"
657,245.66666666666666,0.5091883614088821,2,3,False,"[3, 3, 73]"
658,238.33333333333334,0.5091883614088821,1,2,False,"[2, 7, 47]"
659,330.0,0.5122511485451762,0,1,True,[]
660,136.8,0.5030349013657056,1,2,False,"[2, 2, 3, 5, 11]"
661,331.0,0.5212443095599393,0,1,True,[]
662,498.0,0.5181543116490166,1,2,False,"[2, 331]"
663,232.33333333333334,0.5181543116490166,2,3,False,"[3, 13, 17]"
664,188.5,0.5181543116490166,3,2,False,"[2, 2, 2, 83]"
665,232.33333333333334,0.5181543116490166,4,5,False,"[5, 7, 19]"
666,178.0,0.5181543116490166,5,2,False,"[2, 3, 3, 37]"
667,360.0,0.5181543116490166,6,23,False,"[23, 29]"
668,280.0,0.5181543116490166,5,2,False,"[2, 2, 167]"
669,448.0,0.5181543116490166,4,3,False,"[3, 223]"
670,248.33333333333334,0.5181543116490166,3,2,False,"[2, 5, 67]"
671,372.0,0.5181543116490166,2,11,False,"[11, 61]"
672,99.0,0.5181543116490166,1,2,False,"[2, 2, 2, 2, 2, 3, 7]"
673,337.0,0.5242057488653555,0,1,True,[]
674,507.0,0.5059435364041605,1,2,False,"[2, 337]"
675,139.0,0.5059435364041605,2,3,False,"[3, 3, 3, 5, 5]"
676,176.75,0.5059435364041605,1,2,False,"[2, 2, 13, 13]"
677,339.0,0.5148588410104011,0,1,True,[]
678,265.6666666666667,0.5088626292466765,1,2,False,"[2, 3, 113]"
679,392.0,0.5088626292466765,2,7,False,"[7, 97]"
680,141.8,0.5088626292466765,3,2,False,"[2, 2, 2, 5, 17]"
681,456.0,0.5088626292466765,2,3,False,"[3, 227]"
682,242.33333333333334,0.5088626292466765,1,2,False,"[2, 11, 31]"
683,342.0,0.5206794682422451,0,1,True,[]
684,142.8,0.5117130307467057,1,2,False,"[2, 2, 3, 3, 19]"
685,414.0,0.5117130307467057,2,5,False,"[5, 137]"
686,177.5,0.5117130307467057,3,2,False,"[2, 7, 7, 7]"
687,460.0,0.5117130307467057,4,3,False,"[3, 229]"
688,148.0,0.5117130307467057,3,2,False,"[2, 2, 2, 2, 43]"
689,378.0,0.5117130307467057,2,13,False,"[13, 53]"
690,181.0,0.5117130307467057,1,2,False,"[2, 3, 5, 23]"
691,346.0,0.5263543191800879,0,1,True,[]
692,290.0,0.5144717800289436,1,2,False,"[2, 2, 173]"
693,179.5,0.5144717800289436,2,3,False,"[3, 3, 7, 11]"
694,522.0,0.5144717800289436,3,2,False,"[2, 347]"
695,420.0,0.5144717800289436,4,5,False,"[5, 139]"
696,147.0,0.5144717800289436,5,2,False,"[2, 2, 2, 3, 29]"
697,378.0,0.5144717800289436,4,17,False,"[17, 41]"
698,525.0,0.5144717800289436,3,2,False,"[2, 349]"
699,468.0,0.5144717800289436,2,3,False,"[3, 233]"
700,144.4,0.5144717800289436,1,2,False,"[2, 2, 5, 5, 7]"
701,351.0,0.5260492040520983,0,1,True,[]
702,145.4,0.5114122681883024,1,2,False,"[2, 3, 3, 3, 13]"
703,380.0,0.5114122681883024,2,19,False,"[19, 37]"
704,104.0,0.5114122681883024,3,2,False,"[2, 2, 2, 2, 2, 2, 11]"
705,253.66666666666666,0.5114122681883024,4,3,False,"[3, 5, 47]"
706,531.0,0.5114122681883024,3,2,False,"[2, 353]"
707,408.0,0.5114122681883024,2,7,False,"[7, 101]"
708,193.75,0.5114122681883024,1,2,False,"[2, 2, 3, 59]"
709,355.0,0.5256776034236805,0,1,True,[]
710,263.0,0.5141043723554302,1,2,False,"[2, 5, 71]"
711,265.6666666666667,0.5141043723554302,2,3,False,"[3, 3, 79]"
712,202.0,0.5141043723554302,3,2,False,"[2, 2, 2, 89]"
713,384.0,0.5141043723554302,4,23,False,"[23, 31]"
714,186.0,0.5141043723554302,5,2,False,"[2, 3, 7, 17]"
715,248.33333333333334,0.5141043723554302,4,5,False,"[5, 11, 13]"
716,300.0,0.5141043723554302,3,2,False,"[2, 2, 179]"
717,480.0,0.5141043723554302,2,3,False,"[3, 239]"
718,540.0,0.5141043723554302,1,2,False,"[2, 359]"
719,360.0,0.5253878702397743,0,1,True,[]
720,105.71428571428571,0.5111265646731571,1,2,False,"[2, 2, 2, 2, 3, 3, 5]"
721,416.0,0.5111265646731571,2,7,False,"[7, 103]"
722,254.33333333333334,0.5111265646731571,3,2,False,"[2, 19, 19]"
723,484.0,0.5111265646731571,4,3,False,"[3, 241]"
724,303.3333333333333,0.5111265646731571,3,2,False,"[2, 2, 181]"
725,255.0,0.5111265646731571,2,5,False,"[5, 5, 29]"
726,188.5,0.5111265646731571,1,2,False,"[2, 3, 11, 11]"
727,364.0,0.5194714881780251,0,1,True,[]
728,151.0,0.5082530949105915,1,2,False,"[2, 2, 2, 7, 13]"
729,124.66666666666667,0.5082530949105915,2,3,False,"[3, 3, 3, 3, 3, 3]"
730,270.3333333333333,0.5082530949105915,3,2,False,"[2, 5, 73]"
731,396.0,0.5082530949105915,2,17,False,"[17, 43]"
732,200.25,0.5082530949105915,1,2,False,"[2, 2, 3, 61]"
733,367.0,0.5165061898211829,0,1,True,[]
734,552.0,0.5081855388813097,1,2,False,"[2, 367]"
735,189.5,0.5081855388813097,2,3,False,"[3, 5, 7, 7]"
736,128.33333333333334,0.5081855388813097,3,2,False,"[2, 2, 2, 2, 2, 23]"
737,408.0,0.5081855388813097,2,11,False,"[11, 67]"
738,197.0,0.5081855388813097,1,2,False,"[2, 3, 3, 41]"
739,370.0,0.5136425648021827,0,1,True,[]
740,196.75,0.5054127198917455,1,2,False,"[2, 2, 5, 37]"
741,259.0,0.5054127198917455,2,3,False,"[3, 13, 19]"
742,268.3333333333333,0.5054127198917455,1,2,False,"[2, 7, 53]"
743,372.0,0.5162381596752368,0,1,True,[]
744,157.0,0.5107671601615074,1,2,False,"[2, 2, 2, 3, 31]"
745,450.0,0.5107671601615074,2,5,False,"[5, 149]"
746,561.0,0.5107671601615074,3,2,False,"[2, 373]"
747,279.0,0.5107671601615074,4,3,False,"[3, 3, 83]"
748,195.25,0.5107671601615074,3,2,False,"[2, 2, 11, 17]"
749,432.0,0.5107671601615074,2,7,False,"[7, 107]"
750,154.2,0.5107671601615074,1,2,False,"[2, 3, 5, 5, 5]"
751,376.0,0.518842530282638,0,1,True,[]
752,161.6,0.507989347536618,1,2,False,"[2, 2, 2, 2, 47]"
753,504.0,0.507989347536618,2,3,False,"[3, 251]"
754,266.3333333333333,0.507989347536618,3,2,False,"[2, 13, 29]"
755,456.0,0.507989347536618,2,5,False,"[5, 151]"
756,129.5,0.507989347536618,1,2,False,"[2, 2, 3, 3, 3, 7]"
757,379.0,0.5133155792276964,0,1,True,[]
758,570.0,0.5052840158520475,1,2,False,"[2, 379]"
759,265.6666666666667,0.5052840158520475,2,3,False,"[3, 11, 23]"
760,158.2,0.5052840158520475,1,2,False,"[2, 2, 2, 5, 19]"
761,381.0,0.5158520475561428,0,1,True,[]
762,298.3333333333333,0.5105124835742445,1,2,False,"[2, 3, 127]"
763,440.0,0.5105124835742445,2,7,False,"[7, 109]"
764,320.0,0.5105124835742445,3,2,False,"[2, 2, 191]"
765,198.5,0.5105124835742445,4,3,False,"[3, 3, 5, 17]"
766,576.0,0.5105124835742445,3,2,False,"[2, 383]"
767,420.0,0.5105124835742445,2,13,False,"[13, 59]"
768,87.55555555555556,0.5105124835742445,1,2,False,"[2, 2, 2, 2, 2, 2, 2, 2, 3]"
769,385.0,0.5157687253613665,0,1,True,[]
770,199.0,0.5052015604681404,1,2,False,"[2, 5, 7, 11]"
771,516.0,0.5052015604681404,2,3,False,"[3, 257]"
772,323.3333333333333,0.5052015604681404,1,2,False,"[2, 2, 193]"
773,387.0,0.523407022106632,0,1,True,[]
774,206.5,0.518111254851229,1,2,False,"[2, 3, 3, 43]"
775,272.3333333333333,0.518111254851229,2,5,False,"[5, 5, 31]"
776,220.0,0.518111254851229,3,2,False,"[2, 2, 2, 97]"
777,275.0,0.518111254851229,4,3,False,"[3, 7, 37]"
778,585.0,0.518111254851229,5,2,False,"[2, 389]"
779,420.0,0.518111254851229,6,19,False,"[19, 41]"
780,161.2,0.518111254851229,7,2,False,"[2, 2, 3, 5, 13]"
781,432.0,0.518111254851229,6,11,False,"[11, 71]"
782,275.0,0.518111254851229,5,2,False,"[2, 17, 23]"
783,205.5,0.518111254851229,4,3,False,"[3, 3, 3, 29]"
784,134.5,0.518111254851229,3,2,False,"[2, 2, 2, 2, 7, 7]"
785,474.0,0.518111254851229,2,5,False,"[5, 157]"
786,307.6666666666667,0.518111254851229,1,2,False,"[2, 3, 131]"
787,394.0,0.5310478654592496,0,1,True,[]
788,330.0,0.5127064803049555,1,2,False,"[2, 2, 197]"
789,528.0,0.5127064803049555,2,3,False,"[3, 263]"
790,292.3333333333333,0.5127064803049555,3,2,False,"[2, 5, 79]"
791,456.0,0.5127064803049555,4,7,False,"[7, 113]"
792,136.0,0.5127064803049555,5,2,False,"[2, 2, 2, 3, 3, 11]"
793,434.0,0.5127064803049555,4,13,False,"[13, 61]"
794,597.0,0.5127064803049555,3,2,False,"[2, 397]"
795,285.6666666666667,0.5127064803049555,2,3,False,"[3, 5, 53]"
796,333.3333333333333,0.5127064803049555,1,2,False,"[2, 2, 199]"
797,399.0,0.5279542566709021,0,1,True,[]
798,207.5,0.515056461731493,1,2,False,"[2, 3, 7, 19]"
799,432.0,0.515056461731493,2,17,False,"[17, 47]"
